26990
28908
29072
30067
30353
30582
30585
30593
30939
31330
33516
36502
37302
37366
37601
37755
37802
38229
38962
39177
39984
40149
40160
41084
41788
42571
42586
42590
42615
42620
42621
42631
43241
43976
44062
44076
44521
44586
44669
44781
44815
45321
45451
47131
48186
48362
48499
48611
48675
48746
50165
50214
50238
51153
51248
51510
52290
52324
52353
52965
53016
54033
54163
54239
54258
54715
55296
55853
55953
56081
56124
56188
56454
56737
57100
57332
57508
57799
57837
57873
57953
57980
58636
58939
60026
60419
60786
60805
60888
61397
62093
62311
62373
62488
62749
63012
63322
63626
64052
64640
64962
65717
65922
66579
66633
66869
67013
67327
67367
67591
67733
67757
68042
68394
68716
69027
69170
69218
69298
69420
69640
70618
70619
70647
70648
70653
70687
70709
70729
71539
72633
72854
72955
73931
74647
75173
76465
76590
77089
77272
77832
80476
80685
80791
81282
81632
82065
82125
82256
82343
82437
82572
82604
82615
82637
82654
82666
83228
83277
83785
83915
84055
84748
84774
85445
85586
85621
86081
86319
86432
87384
87454
88113
88330
